1.000000000000000000e+00 9.239131562447776558e-01 8.571428571428572063e-01 7.787306058075258441e-01 8.426648406178136597e-01 9.405399431259603427e-01 8.426648406178136597e-01 7.787306058075258441e-01 9.405399431259603427e-01 9.405399431259603427e-01 8.571428571428572063e-01 9.239131562447776558e-01 8.571428571428572063e-01 9.813067629253163782e-01 9.813067629253163782e-01 9.331389496316870868e-01
9.239131562447776558e-01 1.000000000000000000e+00 8.571428571428572063e-01 7.787306058075258441e-01 8.426648406178136597e-01 9.239131562447776558e-01 8.426648406178136597e-01 7.787306058075258441e-01 9.239131562447776558e-01 9.239131562447776558e-01 8.571428571428572063e-01 9.819805060619656301e-01 8.571428571428572063e-01 9.239131562447776558e-01 9.239131562447776558e-01 9.239131562447776558e-01
8.571428571428572063e-01 8.571428571428572063e-01 1.000000000000000000e+00 7.787306058075258441e-01 8.426648406178136597e-01 8.571428571428572063e-01 8.426648406178136597e-01 7.787306058075258441e-01 8.571428571428572063e-01 8.571428571428572063e-01 9.660917830792958849e-01 8.571428571428572063e-01 9.116846116771035735e-01 8.571428571428572063e-01 8.571428571428572063e-01 8.571428571428572063e-01
7.787306058075258441e-01 7.787306058075258441e-01 7.787306058075258441e-01 1.000000000000000000e+00 7.787306058075258441e-01 7.787306058075258441e-01 7.787306058075258441e-01 9.437402112328160397e-01 7.787306058075258441e-01 7.787306058075258441e-01 7.787306058075258441e-01 7.787306058075258441e-01 7.787306058075258441e-01 7.787306058075258441e-01 7.787306058075258441e-01 7.787306058075258441e-01
8.426648406178136597e-01 8.426648406178136597e-01 8.426648406178136597e-01 7.787306058075258441e-01 1.000000000000000000e+00 8.426648406178136597e-01 8.997354108424375774e-01 7.787306058075258441e-01 8.426648406178136597e-01 8.426648406178136597e-01 8.426648406178136597e-01 8.426648406178136597e-01 8.426648406178136597e-01 8.426648406178136597e-01 8.426648406178136597e-01 8.426648406178136597e-01
9.405399431259603427e-01 9.239131562447776558e-01 8.571428571428572063e-01 7.787306058075258441e-01 8.426648406178136597e-01 1.000000000000000000e+00 8.426648406178136597e-01 7.787306058075258441e-01 9.415130835240083096e-01 9.415130835240083096e-01 8.571428571428572063e-01 9.239131562447776558e-01 8.571428571428572063e-01 9.405399431259603427e-01 9.405399431259603427e-01 9.331389496316870868e-01
8.426648406178136597e-01 8.426648406178136597e-01 8.426648406178136597e-01 7.787306058075258441e-01 8.997354108424375774e-01 8.426648406178136597e-01 1.000000000000000000e+00 7.787306058075258441e-01 8.426648406178136597e-01 8.426648406178136597e-01 8.426648406178136597e-01 8.426648406178136597e-01 8.426648406178136597e-01 8.426648406178136597e-01 8.426648406178136597e-01 8.426648406178136597e-01
7.787306058075258441e-01 7.787306058075258441e-01 7.787306058075258441e-01 9.437402112328160397e-01 7.787306058075258441e-01 7.787306058075258441e-01 7.787306058075258441e-01 1.000000000000000000e+00 7.787306058075258441e-01 7.787306058075258441e-01 7.787306058075258441e-01 7.787306058075258441e-01 7.787306058075258441e-01 7.787306058075258441e-01 7.787306058075258441e-01 7.787306058075258441e-01
9.405399431259603427e-01 9.239131562447776558e-01 8.571428571428572063e-01 7.787306058075258441e-01 8.426648406178136597e-01 9.415130835240083096e-01 8.426648406178136597e-01 7.787306058075258441e-01 1.000000000000000000e+00 9.555330859059091297e-01 8.571428571428572063e-01 9.239131562447776558e-01 8.571428571428572063e-01 9.405399431259603427e-01 9.405399431259603427e-01 9.331389496316870868e-01
9.405399431259603427e-01 9.239131562447776558e-01 8.571428571428572063e-01 7.787306058075258441e-01 8.426648406178136597e-01 9.415130835240083096e-01 8.426648406178136597e-01 7.787306058075258441e-01 9.555330859059091297e-01 1.000000000000000000e+00 8.571428571428572063e-01 9.239131562447776558e-01 8.571428571428572063e-01 9.405399431259603427e-01 9.405399431259603427e-01 9.331389496316870868e-01
8.571428571428572063e-01 8.571428571428572063e-01 9.660917830792958849e-01 7.787306058075258441e-01 8.426648406178136597e-01 8.571428571428572063e-01 8.426648406178136597e-01 7.787306058075258441e-01 8.571428571428572063e-01 8.571428571428572063e-01 1.000000000000000000e+00 8.571428571428572063e-01 9.116846116771035735e-01 8.571428571428572063e-01 8.571428571428572063e-01 8.571428571428572063e-01
9.239131562447776558e-01 9.819805060619656301e-01 8.571428571428572063e-01 7.787306058075258441e-01 8.426648406178136597e-01 9.239131562447776558e-01 8.426648406178136597e-01 7.787306058075258441e-01 9.239131562447776558e-01 9.239131562447776558e-01 8.571428571428572063e-01 1.000000000000000000e+00 8.571428571428572063e-01 9.239131562447776558e-01 9.239131562447776558e-01 9.239131562447776558e-01
8.571428571428572063e-01 8.571428571428572063e-01 9.116846116771035735e-01 7.787306058075258441e-01 8.426648406178136597e-01 8.571428571428572063e-01 8.426648406178136597e-01 7.787306058075258441e-01 8.571428571428572063e-01 8.571428571428572063e-01 9.116846116771035735e-01 8.571428571428572063e-01 1.000000000000000000e+00 8.571428571428572063e-01 8.571428571428572063e-01 8.571428571428572063e-01
9.813067629253163782e-01 9.239131562447776558e-01 8.571428571428572063e-01 7.787306058075258441e-01 8.426648406178136597e-01 9.405399431259603427e-01 8.426648406178136597e-01 7.787306058075258441e-01 9.405399431259603427e-01 9.405399431259603427e-01 8.571428571428572063e-01 9.239131562447776558e-01 8.571428571428572063e-01 1.000000000000000000e+00 9.843091327750996822e-01 9.331389496316870868e-01
9.813067629253163782e-01 9.239131562447776558e-01 8.571428571428572063e-01 7.787306058075258441e-01 8.426648406178136597e-01 9.405399431259603427e-01 8.426648406178136597e-01 7.787306058075258441e-01 9.405399431259603427e-01 9.405399431259603427e-01 8.571428571428572063e-01 9.239131562447776558e-01 8.571428571428572063e-01 9.843091327750996822e-01 1.000000000000000000e+00 9.331389496316870868e-01
9.331389496316870868e-01 9.239131562447776558e-01 8.571428571428572063e-01 7.787306058075258441e-01 8.426648406178136597e-01 9.331389496316870868e-01 8.426648406178136597e-01 7.787306058075258441e-01 9.331389496316870868e-01 9.331389496316870868e-01 8.571428571428572063e-01 9.239131562447776558e-01 8.571428571428572063e-01 9.331389496316870868e-01 9.331389496316870868e-01 1.000000000000000000e+00
